cat_id: 292
complete_name: No usar
cost_method: fifo
valuation: real_time
total_productos: 0
records_productos: product.template()
cat_id: 165
complete_name: Productos Distribuidora
cost_method: fifo
valuation: real_time
total_productos: 2789
records_productos: product.template(1120, 2400, 3002, 3001, 3000, 3079, 3718, 2820, 2891, 2333, 2338, 974, 2336, 4771, 3690, 4772, 3711, 3208, 3709, 4737, 4012, 4761, 3826, 3033, 3034, 3577, 3931, 5175, 3981, 4620, 3330, 3223, 4651, 4789, 3150, 3409, 4226, 3922, 3478, 4403, 4728, 4727, 3146, 5312, 4486, 4487, 5055, 4330, 4555, 5335, 4678, 4672, 4671, 4673, 4675, 3374, 3246, 4317, 4318, 4752, 3185, 3268, 4417, 4481, 4665, 4668, 4667, 4666, 3220, 5009, 4245, 3221, 3222, 3534, 5061, 4577, 4617, 4618, 4708, 4610, 4088, 4619, 4576, 4552, 4596, 4575, 4551, 5329, 5339, 5379, 5125, 5126, 4621, 5127, 5051, 5050, 4579, 4578, 4521, 4522, 4790, 4792, 4791, 4793, 4865, 4866, 4867, 4880, 4883, 4948, 5137, 4026, 4520, 5309, 4942, 4943, 4754, 4755, 4756, 5046, 4899, 5109, 5108, 5110, 4927, 4925, 4924, 4926, 4923, 5054, 3761, 4818, 5382, 3249, 3763, 5128, 4645, 4987, 4874, 3668, 3173, 3174, 3788, 3930, 3670, 3669, 3671, 3756, 4331, 3792, 4015, 4527, 3413, 4973, 4374, 3412, 4740, 4356, 3755, 3618, 3581, 3764, 3874, 3504, 3505, 3640, 3700, 3578, 3241, 5383, 3762, 3760, 5064, 3759, 4553, 4554, 4408, 4711, 4580, 4409, 4794, 4795, 5207, 3497, 3637, 3506, 3638, 5204, 5205, 5206, 3127, 5234, 5283, 5284, 5282, 5285, 5291, 3691, 3658, 3692, 3201, 3202, 3293, 3494, 3294, 3495, 3352, 3520, 3562, 3434, 3295, 3493, 3262, 3563, 5366, 4873, 4335, 4372, 5277, 5229, 5231, 5276, 5275, 5274, 5334, 5230, 4336, 4524, 4525, 4526, 4523, 4362, 4361, 4364, 4360, 4363, 4365, 4207, 4208, 4734, 4676, 4677, 3178, 4946, 4670, 4679, 4669, 4945, 3151, 3155, 4002, 4686, 4729, 4003, 4412, 3360, 3536, 3535, 3538, 5314, 4650, 4863, 4864, 4261, 4958, 4957, 4124, 4187, 4119, 4125, 4122, 4431, 4121, 4186, 4123, 4120, 4031, 3400, 3401, 3803, 3656, 3998, 3866, 4028, 4027, 4716, 4045, 4234, 4235, 3934, 3602, 3667, 5361, 4938, 4937, 4939, 4622, 3267, 4416, 4743, 4764, 4786, 3356, 4698, 4699, 4697, 5347, 5228, 4910, 5052, 4717, 4861, 4745, 4862, 4024, 4823, 4822, 4825, 4824, 5118, 3970, 3556, 3896, 3257, 4766, 4765, 3192, 4025, 4309, 3842, 3841, 4243, 3721, 3582, 3924, 3976, 3774, 3492, 3923, 3734, 3604, 3188, 4710, 4709, 3735, 4741, 5344, 5345, 5346, 5358, 5357, 5413, 5349, 5350, 5351, 4940, 4941, 4475, 3843, 3484, 4295, 4299, 4297, 4300, 4296, 4298, 4228, 3666, 3557, 3720, 3499, 5308, 3697, 3859, 3860, 4310, 3433, 1172, 805, 3820, 3819, 5241, 1170, 4425, 3423, 5027, 1791, 5048, 4989, 4687, 4732, 4917, 4796, 5325, 5011, 5012, 5387, 5389, 5390, 2323, 3565, 4985, 4812, 4811, 5249, 5247, 5250, 4429, 5135, 4808, 3086, 3179, 4392, 5132, 1793, 1976, 2165, 4441, 4420, 2166, 1625, 5365, 5010, 4074, 5141, 4681, 1763, 4844, 1811, 2357, 2348, 4419, 3388, 4422, 4840, 4421, 5033, 4742, 4319, 5032, 4011, 5067, 5066, 2369, 2221, 3624, 4919, 4806, 4911, 4912, 4913, 4807, 3695, 1857, 5252, 2770, 2768, 2769, 2771, 2525, 4802, 5248, 4803, 4804, 4805, 4986, 1761, 1760, 1971, 2370, 4817, 4816, 4690, 4691, 3465, 3455, 3460, 3454, 3463, 3467, 3462, 3461, 3464, 3466, 3468, 3456, 3457, 3458, 3459, 2773, 2772, 1938, 1893, 1894, 1934, 1933, 1932, 1939, 3285, 1937, 1936, 1935, 1930, 1929, 2176, 1927, 1931, 4801, 2510, 2364, 2365, 2366, 2367, 5253, 4981, 4978, 4980, 4979, 5340, 2349, 2217, 4018, 4017, 4019, 4274, 1895, 4901, 3036, 3075, 3546, 2296, 2868, 2577, 2981, 2873, 2904, 2905, 806, 1282, 1237, 1192, 1002, 1126, 4720, 4718, 2058, 1764, 2151, 2152, 2189, 4933, 4934, 4935, 5096, 5097, 5095, 1699, 1696, 1697, 1698, 4932, 4930, 4931, 2295, 3623, 3386, 4394, 4395, 807, 1721, 1910, 3909, 1768, 3585, 4085, 4083, 3744, 5367, 3984, 3916, 5195, 4655, 4174, 5394, 1709, 4322, 4157, 4217, 4396, 3516, 3515, 3514, 3513, 3512, 3511, 3613, 5405, 3026, 3834, 2896, 4224, 1770, 3145, 2196, 2802, 2803, 2437, 1922, 2175, 2112, 2113, 2039, 2870, 1900, 1904, 2727, 2744, 2745, 2458, 2278, 1944, 2220, 2881, 2792, 1913, 1769, 1992, 2413, 2414, 2972, 2971, 3074, 2438, 2436, 1902, 1670, 1669, 2656, 1671, 2657, 3077, 2655, 3113, 3004, 2705, 2040, 2897, 2111, 3961, 808, 809, 811, 1545, 1546, 1547, 1548, 1144, 1107, 1009, 2815, 3768, 2749, 3378, 2205, 3100, 4960, 5044, 4971, 3136, 3131, 5343, 5342, 3781, 3601, 2816, 2800, 3199, 812, 813, 2799, 814, 815, 1100, 816, 1165, 1099, 2964, 982, 1556, 1023, 1434, 1129, 1098, 1183, 1241, 1127, 1235, 2719, 984, 985, 1190, 1182, 825, 821, 1124, 1006, 1007, 817, 818, 819, 824, 822, 823, 826, 1526, 1121, 827, 828, 829, 1122, 1003, 2866, 830, 4750, 1991, 2984, 1462, 1432, 5045, 2604, 2988, 3901, 4222, 3622, 2796, 4241, 4223, 3706, 2075, 1966, 1851, 2986, 2977, 2947, 2949, 5098, 5099, 3272, 3270, 3273, 3271, 3554, 3588, 3245, 3355, 3587, 3419, 3420, 4961, 2614, 2616, 2618, 2615, 2613, 4559, 4560, 4561, 1977, 1978, 3432, 5299, 5120, 2901, 2902, 4886, 2807, 4252, 3147, 3377, 3376, 1694, 4285, 4284, 4283, 3431, 3430, 4813, 4918, 4977, 4871, 5269, 5271, 4769, 5005, 4406, 3796, 4705, 4738, 4571, 1821, 3375, 5111, 5263, 5320, 5062, 4348, 4349, 5408, 4432, 5376, 5375, 5013, 4916, 3625, 5419, 3410, 5280, 5294, 5386, 5038, 5039, 5293, 5295, 5296, 5380, 5370, 5116, 5391, 4810, 4785, 4488, 5189, 5210, 3408, 4333, 4914, 4915, 3892, 3891, 3893, 5324, 5265, 3417, 3418, 3416, 3209, 3297, 3298, 2168, 3962, 4448, 5165, 4983, 4748, 5194, 5065, 5254, 5198, 5255, 5159, 5395, 2811, 1676, 5256, 1677, 5353, 3111, 3112, 3110, 5301, 5354, 5199, 5302, 4503, 5303, 5304, 5305, 5227, 3040, 4594, 3076, 2763, 2898, 2899, 2943, 1689, 4838, 1911, 1920, 3196, 3195, 3232, 3233, 2907, 2865, 3235, 3902, 3918, 3157, 2183, 3266, 2761, 2136, 3584, 2178, 2172, 4340, 2352, 2470, 1685, 1686, 2179, 2163, 4073, 1970, 4404, 3797, 3798, 3799, 4405, 1980, 3510, 3003, 3371, 5014, 3109, 3390, 2882, 3099, 2116, 4075, 4511, 1997, 3598, 2135, 3639, 2185, 3969, 3568, 2608, 3821, 4337, 3561, 1998, 1999, 4905, 4535, 4502, 5217, 4338, 2402, 4884, 4347, 2607, 5218, 4906, 2789, 1946, 2403, 1850, 3993, 4350, 2720, 3225, 3664, 2974, 4162, 4351, 4352, 5216, 4204, 3676, 2298, 1692, 4885, 3628, 5219, 5264, 2422, 3509, 2095, 3662, 3994, 5023, 4499, 4500, 2728, 4397, 2118, 5341, 4501, 2741, 1989, 2302, 3508, 2150, 1993, 5374, 3283, 4976, 4377, 2101, 3224, 3406, 2324, 5034, 4030, 3708, 2301, 2149, 5292, 4398, 3473, 4984, 2191, 2190, 2718, 3351, 5243, 3269, 1994, 3707, 3739, 4384, 2624, 2975, 4450, 2874, 4163, 3177, 3477, 2908, 3959, 2385, 4841, 4023, 3550, 3579, 3248, 1681, 3641, 2222, 4076, 2877, 3570, 4615, 1663, 3958, 4230, 4029, 2124, 2482, 1996, 4164, 2373, 4597, 3095, 2814, 3148, 3094, 4482, 2883, 1680, 3149, 3547, 2913, 2386, 4367, 4368, 4242, 4831, 4401, 3889, 3890, 2707, 5328, 2810, 2143, 4749, 4701, 2290, 1489, 5397, 4152, 5169, 5168, 4536, 2353, 4156, 4887, 4077, 4715, 5133, 4090, 2177, 4992, 4154, 5316, 5270, 4270, 5004, 5348, 3830, 4902, 3832, 3831, 3829, 4324, 3833, 4325, 4962, 3908, 1707, 2958, 4629, 3236, 5398, 2777, 4587, 3979, 5418, 3991, 3980, 4588, 3990, 3992, 3564, 4341, 3939, 3243, 3085, 3960, 3385, 1767, 5167, 2797, 3844, 1446, 3056, 831, 832, 833, 834, 835, 836, 2598, 2804, 2805, 3217, 3130, 2114, 3042, 2246, 3063, 1849, 3070, 1662, 1661, 3037, 4418, 3039, 3038, 2871, 2056, 2748, 3006, 2952, 2953, 2954, 1735, 1915, 1947, 1914, 2602, 2646, 1830, 2274, 2275, 3067, 3064, 3061, 3062, 3066, 3065, 3050, 1912, 1820, 2960, 2959, 1524, 1274, 3219, 3218, 1036, 837, 989, 1155, 1265, 1168, 1259, 1260, 1286, 1191, 1261, 1167, 1142, 1273, 1135, 1238, 1270, 1188, 1351, 1318, 838, 845, 1459, 999, 1514, 1421, 1538, 1539, 1587, 1101, 1461, 1409, 1408, 1407, 995, 993, 840, 996, 997, 844, 1427, 839, 841, 842, 1595, 1447, 1543, 1443, 1523, 1540, 1442, 1529, 1024, 1584, 1522, 1402, 1610, 843, 1022, 1419, 992, 1018, 1134, 1533, 1430, 1276, 2838, 2180, 3344, 3345, 5396, 4442, 2740, 3021, 2735, 2227, 3350, 3144, 1171, 1179, 1256, 1181, 1185, 1251, 1249, 1271, 1250, 1169, 1272, 1544, 3600, 4558, 846, 847, 1981, 3479, 2449, 5251, 2780, 2781, 2783, 2782, 2779, 2652, 2994, 1779, 4389, 3693, 1726, 1856, 3967, 2337, 3968, 3287, 4721, 4719, 3617, 5416, 5417, 4508, 2110, 2884, 2885, 2886, 2107, 4053, 4052, 4054, 5337, 4494, 2164, 4647, 4355, 4354, 2879, 4969, 3181, 3180, 2245, 3672, 3673, 5022, 2237, 3303, 3301, 3125, 1705, 5240, 5239, 3817, 5016, 5006, 1701, 3997, 4214, 3766, 5151, 3552, 3551, 2374, 1722, 2435, 2914, 3387, 3422, 3421, 3411, 3610, 4061, 1924, 1925, 2475, 3972, 2241, 2875, 969, 5363, 5364, 2154, 1718, 2880, 2942, 2395, 2394, 2641, 2819, 2244, 2153, 2157, 4269, 4008, 2987, 1747, 1748, 2828, 2054, 2474, 2389, 2231, 2967, 2968, 2969, 4744, 2869, 3165, 1917, 2617, 2363, 5139, 1184, 2513, 1675, 1157, 1150, 1163, 1151, 2100, 2297, 1678, 3296, 1097, 4240, 4239, 2134, 2259, 1909, 1858, 1106, 2753, 2751, 2758, 2754, 2759, 2755, 2756, 2925, 2926, 2752, 2760, 2757, 5112, 3016, 2712, 2713, 2812, 1828, 2104, 3696, 3168, 2453, 2169, 2980, 1687, 3242, 4544, 3300, 3299, 3361, 2257, 1817, 3274, 1666, 2832, 2833, 2993, 5414, 4967, 1990, 1725, 1733, 1995, 1668, 1734, 1756, 1757, 1732, 1730, 1660, 1659, 1667, 3436, 5393, 4661, 3553, 3469, 3470, 2299, 859, 860, 1132, 861, 862, 3115, 2502, 1209, 1287, 1527, 2732, 4381, 2501, 1037, 2843, 863, 1153, 2396, 2397, 1254, 4993, 2223, 2346, 4700, 3116, 4565, 4770, 4108, 4920, 5015, 3800, 1984, 2509, 2511, 5268, 5266, 4638, 4637, 4057, 4060, 2507, 1982, 1983, 4724, 4725, 1890, 1891, 5162, 5160, 5161, 5163, 4009, 1892, 2508, 2263, 2628, 2627, 4702, 5288, 2305, 5289, 5211, 2304, 2202, 5213, 5212, 2626, 5029, 4966, 4639, 4982, 4182, 4183, 4184, 2434, 2361, 2362, 2360, 3530, 2204, 2200, 2199, 2203, 2201, 3117, 2261, 1717, 4037, 4034, 4042, 4033, 4032, 4072, 4035, 4036, 4041, 2506, 4043, 4922, 2284, 2283, 2512, 1704, 5019, 5018, 5147, 1792, 2181, 1753, 2182, 1752, 1751, 1916, 1883, 2765, 2766, 1880, 1881, 1921, 1627, 3699, 4726, 1958, 2892, 1882, 3853, 2306, 3475, 2319, 2894, 2963, 2380, 2307, 3857, 4643, 2895, 3879, 4388, 3476, 2961, 4271, 1664, 4387, 4693, 2137, 2962, 2318, 4386, 4342, 2378, 1665, 2308, 1724, 4343, 2309, 2379, 4344, 2658, 2310, 2381, 2350, 2311, 4346, 5406, 2809, 3854, 3549, 1679, 3548, 2432, 2230, 3175, 1673, 2194, 2473, 1745, 5041, 2377, 4345, 2893, 1552, 1453, 1454, 1621, 1600, 1622, 1108, 865, 866, 867, 868, 869, 870, 871, 1531, 3786, 4203, 4109, 4099, 4106, 4105, 4100, 4102, 4104, 4107, 4237, 3785, 4277, 3783, 3784, 3940, 3941, 3943, 3944, 3945, 3947, 3946, 1986, 3787, 1985, 2105, 3128, 872, 873, 874, 1363, 1456, 1458, 979, 876, 983, 2171, 2659, 1889, 3194, 2300, 2660, 3073, 1875, 2214, 2215, 2218, 2219, 3014, 3015, 3166, 2817, 4286, 4280, 2292, 2293, 2059, 2794, 2795, 4800, 4839, 3048, 2818, 2915, 3167, 2916, 3983, 1716, 1714, 1715, 1897, 1778, 1713, 3216, 2889, 1854, 5392, 3663, 1731, 5059, 1873, 3088, 1794, 1903, 1736, 1258, 1038, 4775, 2935, 2320, 3519, 5031, 3957, 2125, 4773, 2606, 2603, 2144, 2145, 2599, 2600, 3135, 2106, 2085, 2088, 2788, 4110, 4430, 881, 1926, 2918, 2917, 3566, 5317, 5318, 2791, 3384, 4845, 2375, 850, 851, 852, 853, 854, 855, 856, 877, 1559, 3256, 2294, 857, 1025, 4947, 1975, 1974, 1766, 2002, 1979, 2001, 2738, 3609, 1729, 1720, 2000, 4545, 2938, 2258, 2706, 2723, 2724, 2725, 2721, 1440, 858, 1026, 1027, 2722, 3398, 2995, 4258, 4259, 4287, 4279, 2339, 3214, 3878, 2578, 2240, 2872, 2174, 3846, 4084, 4215, 3612, 4081, 2173, 1765, 3078, 3010, 2344, 2345, 2767, 2210, 2062, 2326, 2233, 2747, 3069, 3011, 1963, 1860, 2041, 2327, 1435, 882, 2211, 1957, 1116, 3137, 1119, 1115, 1118, 1117, 884, 1445, 886, 4798, 2798, 1758, 4278, 1888, 2588, 2416, 2597, 3675, 3771, 2358, 2228, 2229, 3861, 3586, 2587, 1719, 3382, 3845, 1865, 2155, 2480, 3665, 3836, 1691, 3083, 3009, 2055, 2277, 2927, 2238, 2239, 4735, 1266, 887, 888, 889, 890, 1598, 1597, 1439, 1406, 1403, 1428, 1404, 1405, 1429, 891, 894, 1368, 1369, 1367, 1370, 1145, 1147, 1146, 1868, 1738, 1737, 1275, 1152, 2978, 1812, 2260, 1887, 3627, 1688, 1601, 2955, 2956, 2957, 1128, 5208, 2433, 1879, 3907, 3856, 3782, 3855, 1864, 2504, 2287, 1608, 1609, 1431, 2787, 2784, 2785, 2786, 1457, 1619, 1618, 1749, 2216, 1607, 2328, 1813, 1599, 1588, 1589, 2605, 3092, 1867, 1102, 1103, 895, 3126, 3097, 1617, 896, 1616, 897, 1628, 1602, 1603, 3193, 3599, 1672, 4963, 4768, 4466, 4048, 4869, 4868, 4128, 4129, 3159, 3160, 3636, 4476, 4469, 4477, 4680, 4493, 5279, 4400, 5338, 4485, 3532, 4382, 4383, 5035, 3531, 4465, 4047, 4471, 4049, 4050, 4474, 3777, 3776, 3482, 3620, 3621, 3778, 3608, 3607, 3606, 968, 3810, 3809, 3603, 3619, 3304, 4155, 3573, 3913, 3975, 3229, 4546, 3540, 4529, 4414, 4001, 4000, 4415, 4332, 3999, 998, 3653, 3642, 3652, 3654, 898, 899, 2399, 1623, 2999, 2996, 2997, 2998, 4462, 2970, 4464, 1174, 2911, 2912, 900, 901, 902, 3013, 3012, 2909, 1532, 1420, 1021, 1262, 1542, 903, 904, 994, 1534, 1585, 1586, 906, 907, 1624, 909, 1125, 2801, 3358, 2123, 2808, 1703, 4827, 4897, 5323, 5020, 5257, 5145, 5143, 4834, 5100, 5101, 5102, 5104, 5103, 5384, 5144, 5412, 2590, 5409, 5410, 5411, 2115, 2673, 2672, 4859, 2225, 5056, 5362, 2678, 2279, 3580, 3905, 2677, 2281, 4736, 2280, 2676, 5024, 5215, 2675, 2282, 2371, 2681, 2250, 2662, 2017, 2074, 2663, 2661, 2038, 2667, 4970, 2737, 2127, 2077, 2664, 2668, 2351, 4921, 5278, 2117, 4779, 4781, 4782, 4783, 2359, 2568, 2679, 2515, 2665, 2081, 2671, 2372, 2670, 2591, 3228, 2674, 3226, 3227, 2736, 4548, 2730, 3498, 2666, 2272, 2680, 2669, 2197, 2634, 4051, 2813, 4438, 4439, 4849, 4850, 4851, 3862, 3730, 3068, 2235, 2682, 1388, 3071, 3605, 4788, 3925, 1444, 2262, 2057, 2126, 3426, 3427, 3425, 3428, 3424, 1269, 1267, 1176, 1268, 1690, 1896, 2514, 2729, 3363, 2129, 2128, 2130, 5407, 4117, 2138, 2036, 2029, 2027, 1257, 1277, 1177, 1178, 1175, 2315, 1723, 3894, 4055, 5025, 3353, 3694, 4517, 4784, 4359, 5171, 4707, 5261, 3685, 5185, 4212, 3775, 3770, 3956, 3790, 3354, 3837, 3838, 4358, 3203, 4598, 4600, 4601, 4612, 4604, 4599, 4611, 4603, 4602, 4654, 4653, 4582, 4658, 4583, 4584, 4659, 4495, 2793, 4896, 4894, 4895, 3005, 2750, 3103, 1422, 1706, 1960, 3244, 5237, 914, 3858, 1555, 1611, 1695, 1899, 2132, 1693, 2133, 2167, 1189, 1959, 2985, 1898, 1246, 3340, 3407, 3543, 3541, 3542, 3661, 4281, 3101, 3102, 1744, 1743, 2982, 3917, 2642, 1684, 1123, 2762, 2286, 1149, 910, 912, 913, 915, 911, 1248, 916, 917, 919, 920, 921, 991, 1612, 1613, 1525, 926, 1141, 927, 1133, 1004, 5332, 2330, 2485, 2329, 2503, 2533, 4447, 4907, 4908, 4909, 4496, 4497, 4498, 1166, 2224, 3142, 5150, 928, 1130, 1131, 3847, 2888, 2887, 3880, 3576, 3575, 5107, 4507, 4082, 3899, 3900, 4664, 3814, 3813, 3815, 3816, 3839, 3840, 4265, 4264, 4263, 3987, 4369, 5057, 5058, 5313, 3977, 3488, 3489, 3359, 5224, 5225, 5223, 5226, 3239, 3190, 3743, 4127, 4126, 4641, 4640, 3284, 4574, 4572, 5220, 5221, 5222, 2644, 3342, 2716, 2934, 2965, 5326, 5327, 1855, 4964, 4965, 5142, 2714, 2715, 5036, 2273, 5235, 5236, 5042, 5060, 2321, 2285, 4847, 2061, 2193, 1972, 1866, 2340, 2341, 2711, 3143, 1819, 2156, 1923, 1919, 2776, 4473, 4472, 5177, 4633, 4631, 4683, 4556, 4634, 4684, 4557, 4630, 4632, 3906, 3139, 5183, 5197, 5196, 5176, 3870, 3868, 3869, 3873, 3871, 3872, 3767, 2529, 2476, 2478, 2477, 2406, 2405, 2407, 2408, 2404, 3305, 4746, 3921, 4682, 4689, 4688, 2421, 2420, 2419, 3448, 3449, 3450, 3444, 3442, 3443, 3453, 3451, 3452, 3447, 3446, 3445, 3678, 3677, 3680, 3679, 3441, 3439, 3440, 2643, 2264, 2268, 4585, 5131, 4870, 5322, 2232, 2384, 2383, 4759, 2778, 2382, 3496, 4320, 4321, 2919, 2920, 2921, 2922, 3072, 2890, 3215, 2483, 2316, 4614, 4646, 2162, 5140, 3851, 2265, 1918, 2376, 4586, 2450, 2247, 2291, 3485, 3023, 1901, 4881, 2266, 2267, 2973, 2313, 2314, 5300, 4260, 3567, 4550, 4407, 3230, 4179, 3824, 2198, 2401, 3850, 4181, 2392, 4244, 2878, 2931, 2930, 2933, 2932, 3084, 2084, 3393, 5130, 2322, 4378, 4093, 4094, 3501, 2184, 5333, 2775, 2774, 2621, 3502, 2622, 2620, 2159, 2160, 5037, 4627, 4628, 4626, 5377, 5209, 2424, 4968, 4250, 4149, 4380, 3722, 3738, 3107, 2790, 2764, 3357, 3341, 4428, 3752, 5047, 4021, 3187, 3134, 2649, 2471, 2472, 2531, 3153, 3705, 3169, 3152, 2242, 2530, 3717, 3545, 2213, 3765, 2647, 2648, 2212, 5121, 3184, 1861, 2312, 3154, 1771, 5298, 5297, 1948, 4975, 5330, 5242, 2076, 929, 1032, 3093, 1441, 2611, 4692, 2398, 938, 2335, 2334, 4531, 4530, 4532, 4533, 931, 932, 5106, 933, 5307, 934, 935, 1455, 936, 1096, 2158, 1138, 1380, 1381, 1382, 3055, 946, 947, 948, 950, 1136, 1230, 1301, 1352, 5201, 5200, 978, 1541, 1436, 1516, 2141, 1156, 2148, 1162, 1264, 1154, 1263, 972, 2147, 1317, 981, 980, 1535, 937, 1010, 1199, 1491, 1105, 941, 1626, 3124, 939, 1000, 1035, 940, 1005, 1034, 990, 986, 1001, 1033, 942, 943, 944, 945, 1020, 1080, 1255, 1028, 1031, 1030, 1029, 1186, 1180, 1008, 949, 988, 4625, 1019, 4624, 1016, 1017, 975, 973, 1515, 1433, 1143, 1114, 987, 1490, 4379, 4148, 4220, 3331, 4695, 4696, 3414, 3938, 3415, 1173, 3346, 3347, 3348, 3349, 3133, 3043, 3044, 3045, 3046, 3047, 3051, 3052, 3053, 3054, 3087, 2317, 1750, 2332, 2331, 2910, 3539, 3537, 3789)
